1404836670 0.458046
1404837464 0.489545
1404840972 0.28749
1404841280 0.21641
1404841543 0.129575
1404841727 0.282128
1404844261 0.282017
1404846030 0.464492
1404983385 0.482251
1404997798 0.465446
1404998189 0.602598
1405004452 0.463541
1405004793 0.433807
1405005264 0.605739
1405005581 0.547091
1405009014 0.506256
1405018179 0.464597
1405062331 0.0551498
1405062704 0.602604
1405069252 0.0419725
1405076455 0.430261
1405076724 0.502524
1405094027 0.240673
1405094300 0.501866
1405095675 0.261607
1405098055 0.43025
1405254662 0.0606579
1405255008 0.550267
1405328685 0.505989
1405329111 0.605724
1405335511 0.449607
1405335845 0.46778
1405336138 0.503673
1405342848 0.549167
1405343584 0.475523
1405345430 0.611479
1405345720 0.50062
1405348702 0.397009
1405349583 0.459653
1405354440 0.459762
1405354736 0.554411
1405420865 0.470523
1405424035 0.470193
1405424314 0.604586
1405429276 0.436379
1405432705 0.465373
1405436452 0.605346
1405436721 0.54999
1405439326 0.45605
1405443871 0.42973
1405444204 0.605668
1405452048 0.550496
1405452353 0.604953
1405454663 0.546649
1405454975 0.316663
1405508460 0.0357265
1405508864 0.54903
1405515665 0.501133
1405522851 0.376848
1405523199 0.610976
1405527538 0.461968
1405532169 0.464341
1405532426 0.602447
1405537392 0.54934
1405537680 0.550697
1405544459 0.550586
1405555478 0.431006
1405555742 0.502085
1405587561 0.673828
1405587845 0.431601
1405609257 0.46332
1405609507 0.606119
1405610490 0.507046
1405610743 0.548398
1405681290 0.401917
1405681557 0.603457
1405692009 0.0154675
1405692507 0.503807
1405932773 0.0437876
1405940470 0.432043
1405940785 0.551668
1405946034 0.461736
1405951880 0.488532
1406033488 0.487099
1407404492 0.1782
1407418478 0.28392
1407422976 0.464983
1407423756 0.479937
1407427196 0.504882
1407427825 0.524099
1407483666 0.486793
1407484267 0.471262
1407485461 0.503747
1407486065 0.503761
1407486662 0.512366
1407487262 0.49393
1407487860 0.494287
1407488505 0.464637
1407490418 0.510207
1407490827 0.23328
1407497459 0.505064
1407498058 0.508
1407498659 0.464583
1407499278 0.453975
1407500369 0.506151
1407500850 0.505689
1407501282 0.397719
1407501677 0.516405
1407502258 0.462728
1407502877 0.332578
1407503931 0.540077
1407504330 0.496175
1407504743 0.531204
1407505261 0.524301
1407505859 0.396285
1407506478 0.490039
1407531067 0.501359
1407531681 0.322206
1407532743 0.490039
1407533133 0.507255
1407533521 0.467809
1407534265 0.48819
1407534660 0.48814
1407586096 0.015147
1407587377 0.498616
1407591586 0.460018
1407600666 0.506488
1407601271 0.393154
1407601873 0.504172
1407602466 0.516019
1407603074 0.381258
1407603683 0.515234
1407604731 0.534183
1407606232 0.480024
1407606894 0.406495
1407607360 0.464564
1407607971 0.383253
1407608442 0.46597
1407610358 0.521207
1407610814 0.476833
1407611191 0.237211
1407611673 0.398668
1407613037 0.383811
1407614799 0.445361
1407615524 0.522553
1407616358 0.480055
1407617538 0.478828
1407677472 0.50677
1407678068 0.507962
1407678659 0.500729
1407679285 0.451428
1407680345 0.47991
1407680750 0.0431357
1407681279 0.491728
1407681818 0.469553
1407682270 0.351986
1407696599 0.498862
1407697043 0.493133
1407697426 0.508197
1407698096 0.138291
1407698643 0.228423
1407699263 0.164392
1407760892 0.14653
1407762278 0.340816
1407763367 0.216814
1407764111 0.109622
1407765697 0.222745
1407766903 0.186894
1407768972 0.264837
1407769756 0.187817
1407770603 0.27415
1407771723 0.139973
1407772460 0.230721
1407773307 0.513904
1407773990 0.518613
1407775018 0.477376
1407775861 0.369892
1407776965 0.508139
1407777371 0.505826
1407777963 0.48996
1407778600 0.473714
1407794880 0.515117
1407795536 0.43909
1407796637 0.517506
1407797052 0.527331
1407797909 0.458885
1407798972 0.466449
1407799776 0.504963
1407800448 0.473287
1407801710 0.477291
1407802133 0.506463
1407802711 0.500679
1407818275 0.503146
1407850800 0.486271
1407851558 0.510408
1407852277 0.473647
1407853055 0.450985
1407853800 0.346289
1407855034 0.495807
1407855509 0.462998
1407856347 0.505942
1407857195 0.531365
1407857939 0.497392
1407858995 0.472867
1407860412 0.512138
1407861193 0.518528
1407862033 0.480109
1407865618 0.465098
1407870759 0.477672
1407871593 0.469194
1407921669 0.480803
1407922272 0.497007
1407922874 0.531671
1407923474 0.510746
1407924094 0.446246
1407925340 0.498897
1407925749 0.515829
1407926153 0.46708
1407926569 0.496914
1407927070 0.524828
1407927678 0.452589
1407928863 0.490201
1407929273 0.504508
1407929660 0.516114
1407930063 0.524445
1407930668 0.514998
1407931278 0.488872
1407938476 0.474077
1407939687 0.487186
1407940325 0.487023
1407940804 0.515695
1407941259 0.506905
1407941723 0.523958
1407942161 0.467918
1407945061 0.465238
1407945681 0.458174
1407949863 0.408939
1407950653 0.497411
1407951074 0.49048
1407951662 0.504405
1407952266 0.507312
1407952889 0.489295
1407958444 0.50486
1407958877 0.456983
1407959464 0.515425
1407969414 0.0381034
1407976618 0.514403
1407977652 0.51682
1407978523 0.51585
1407979329 0.524164
1407980177 0.467089
1407981378 0.498098
1407981885 0.522849
1408026068 0.484812
1408026669 0.480806
1408027268 0.50676
1408027866 0.457298
1408028492 0.48654
1408029676 0.487112
1408030104 0.469823
1408030581 0.49931
1408031105 0.498055
1408031786 0.489904
1408032248 0.466548
1408033435 0.487748
1408033915 0.465307
1408034623 0.504434
1408035636 0.470545
1408036496 0.470188
1408039123 0.470336
1408040302 0.496808
1408040778 0.494817
1408041629 0.494753
1408042373 0.5137
1408043170 0.48929
1408044004 0.465738
1408045175 0.492866
1408101675 0.498499
1408102271 0.49683
1408102860 0.505959
1408103462 0.503135
1408104086 0.456112
1408105266 0.475271
1408105666 0.501693
1408106082 0.452478
1408107679 0.48577
1408108825 0.526864
1408109321 0.483007
1408109776 0.469106
1408110187 0.497224
1408110669 0.487822
1408111286 0.480906
1408112433 0.486016
1408112885 0.179093
1408113311 0.513963
1408113777 0.498094
1408114270 0.499002
1408114885 0.477647
1408116072 0.497914
1408116552 0.505998
1408117004 0.506737
1408117508 0.536409
1408117927 0.482333
1408133869 0.0383067
1408134257 0.022316
1408356661 0.525291
1408358456 0.4611
1408359063 0.495525
1408360864 0.466044
1408361468 0.451126
1408362070 0.51681
1408362712 0.499199
1408363311 0.497283
1408364388 0.483248
1408364808 0.475521
1408365230 0.452873
1408365665 0.50678
1408366876 0.487714
1408368158 0.372498
1408368638 0.406909
1408369092 0.349292
1408369624 0.372999
1408370074 0.514847
1408370546 0.48048
1408371584 0.301024
1408372011 0.201542
1408372448 0.453233
1408372902 0.319219
1408373459 0.317154
1408374080 0.212785
1408375215 0.327863
1408375759 0.487193
1408376183 0.285803
1408376636 0.456721
1408377170 0.308871
1408377677 0.458291
1408378833 0.482176
1408379461 0.504935
1408379884 0.213918
1408380354 0.31604
1408380815 0.519011
1408381279 0.476615
1408468819 0.47832
1408473423 0.533986
1408473880 0.5236
1408474362 0.477082
1408475251 0.464687
1408476176 0.492525
1408476755 0.496166
1408477196 0.524348
1408477675 0.468096
1408478125 0.501024
1408478633 0.415997
1408479113 0.453291
1408479733 0.490014
1408480227 0.49133
1408480656 0.487242
1408481140 0.475232
1408481593 0.474788
1408482119 0.443503
1408482709 0.476754
1408483271 0.504586
1408483869 0.514484
1408484474 0.512375
1408485069 0.482558
1408485721 0.48613
1408486259 0.475597
1408486864 0.503601
1408488023 0.490706
1408488429 0.473444
1408488861 0.490428
1408489341 0.484781
1408489923 0.507892
1408490472 0.472483
1408491074 0.456813
1408491671 0.468197
1408492271 0.471463
1408494067 0.485059
1408546882 0.449039
1408548049 0.472879
1408548653 0.474123
1408549057 0.508049
1408549445 0.479714
1408549884 0.481602
1408550494 0.339045
1408551682 0.487504
1408552155 0.518434
1408552611 0.482698
1408553055 0.460978
1408553468 0.510905
1408554095 0.458074
1408555068 0.492473
1408555740 0.464048
1408556205 0.481104
1408556891 0.460948
1408557592 0.488989
1408558309 0.448591
1408559182 0.481568
1408559863 0.515307
1408560540 0.474817
1408561658 0.510047
1408562882 0.459268
1408563682 0.487491
1408564576 0.486075
1408565306 0.482108
1408566041 0.491775
1408566746 0.516229
1408627865 0.512921
1408628461 0.422109
1408629060 0.473247
1408629687 0.419028
1408630884 0.481752
1408631338 0.498446
1408631755 0.477168
1408632177 0.526865
1408632670 0.472625
1408634441 0.509709
1408634856 0.490595
1408635276 0.480965
1408635829 0.498241
1408636268 0.521337
1408636898 0.390984
1408637914 0.488957
1408638472 0.479798
1408638860 0.514422
1408639264 0.472908
1408639867 0.514536
1408640513 0.467138
1408653064 0.50697
1408653666 0.474814
1408654259 0.491379
1408654884 0.461057
1408656029 0.517218
1408656433 0.516438
1408656817 0.508922
1408657271 0.477002
1408657863 0.487598
1408658490 0.486022
1408659628 0.505147
1408660043 0.514014
1408660528 0.484476
1408660925 0.480343
1408661455 0.500291
1408662104 0.444737
1408662843 0.473453
1408663459 0.45377
1408663888 0.51481
1408707100 0.502114
1408711006 0.516226
1408711654 0.494041
1408712468 0.486488
1408713793 0.459566
1408714191 0.476058
1408714588 0.512907
1408714999 0.474722
1408715390 0.500253
1408715824 0.469604
1408717043 0.514402
1408717447 0.494685
1408717848 0.515537
1408718264 0.506906
1408718727 0.482727
1408719196 0.453268
1408723528 0.406835
1408725171 0.511837
1408725936 0.506027
1408726347 0.481553
1408726767 0.465203
1408727179 0.519697
1408729481 0.397606
1408730575 0.484813
1408731055 0.483118
1408731497 0.46893
1408731906 0.521824
1408732312 0.525927
1408732770 0.354825
1408734606 0.505333
1408738885 0.47375
1408739470 0.460181
1408740067 0.47495
1408740664 0.474662
1408741510 0.437941
1408746061 0.496799
1408746667 0.48344
1408747263 0.490471
1408751197 0.472213
1408808570 0.337807
1408893605 0.357829
1408907845 0.487686
1408962863 0.476167
1408965666 0.482912
1408966266 0.518242
1408966872 0.505937
1408967467 0.482634
1408968100 0.457194
1408969254 0.477377
1408969956 0.508501
1408971001 0.499548
1408971673 0.503392
1408972205 0.475065
1408972628 0.443554
1408973763 0.503299
1408974165 0.500344
1408974710 0.523213
1408975130 0.476744
1408975607 0.483132
1408976069 0.438019
1408976885 0.496965
1408977310 0.392022
1408990263 0.472093
1408990860 0.480895
1408991460 0.473
1408992058 0.481983
1408992663 0.474795
1408993198 0.479571
1409066695 0.495939
1409067118 0.464921
1409080433 0.494678
1409100022 0.480867
1409102463 0.469348
1409102981 0.242779
1409103451 0.500005
1409123681 0.50723
1409124493 0.488247
1409153461 0.339592
1409154059 0.468318
1409154660 0.508192
1409155286 0.377645
1409156423 0.517067
1409156867 0.476809
1409157310 0.517819
1409157719 0.499139
1409158268 0.516404
1409160191 0.406766
1409161364 0.489969
1409161853 0.47455
1409162359 0.491164
1409162754 0.484131
1409164072 0.36779
1409177459 0.510748
1409178061 0.50062
1409178660 0.492779
1409179264 0.51023
1409179866 0.492648
1409180617 0.496135
1409181787 0.519287
1409182187 0.485619
1409185519 0.52138
1409186000 0.495038
1409186432 0.488937
1409186862 0.452348
1409187987 0.494811
1409246057 0.487936
1409257054 0.506182
1409266932 0.472722
1409324866 0.492211
1409330207 0.472923
1409334531 0.471945
1409387462 0.507709
1409388056 0.516973
1409389337 0.465545
1409390465 0.480675
1409390894 0.514862
1409391364 0.516062
1409391788 0.528554
1409392261 0.467618
1409392891 0.369103
1409394016 0.472903
1409394462 0.506257
1409394895 0.485308
1409395327 0.47569
1409396000 0.496459
1409396521 0.259625
1409397479 0.515328
1409397952 0.521397
1409399353 0.507659
1409403686 0.39724
1409417461 0.488348
1409418090 0.422184
1409419191 0.510327
1409419749 0.499102
1409420213 0.492532
1409420660 0.476577
1409421064 0.484786
1409421748 0.440091
1409422897 0.514053
1409423368 0.441242
1409423846 0.493096
1409424289 0.49983
1409424823 0.4758
1409427414 0.433266
1409430619 0.470274
1409431094 0.508884
1409434840 0.504325
1409435504 0.48053
1409436890 0.506833
1409445979 0.370649
1409480463 0.465249
1409481062 0.512965
1409493884 0.0307082
1409494621 0.515259
1409495070 0.461936
1409496179 0.487606
1409497385 0.480165
1409498158 0.513582
1409498539 0.4947
1409498926 0.495635
1409499467 0.492273
1409501278 0.543318
1409501732 0.497078
1409502188 0.472648
1409503362 0.481363
1409520013 0.468587
1409524454 0.514416
1409563864 0.497674
1409564467 0.498849
1409565065 0.491292
1409565689 0.51426
1409567208 0.504261
1409567670 0.0913671
1409568183 0.511399
1409569451 0.50737
1409569846 0.466415
1409570279 0.431634
1409571378 0.464901
1409571795 0.47285
1409572250 0.472752
1409572722 0.4814
1409573137 0.511526
1409573566 0.516426
1409579474 0.497811
1409580094 0.484658
1409581241 0.458401
1409581651 0.137491
1409582113 0.229795
1409582530 0.379127
1409583060 0.476319
1409583688 0.480169
1409584789 0.37422
1409585253 0.499474
1409585750 0.491342
1409586155 0.183702
1409586671 0.399353
1409587305 0.507139
1409595801 0.481192
1409599716 0.479675
1409600558 0.0223689
1409602637 0.493914
1409604288 0.461658
1409648493 0.0132352
1409649818 0.478097
1409650228 0.454056
1409650673 0.388238
1409651095 0.474782
1409651512 0.476002
1409652088 0.431867
1409653207 0.458887
1409653644 0.318834
1409654095 0.394157
1409654584 0.485224
1409655098 0.388588
1409655709 0.413749
1409665257 0.366633
1409665867 0.49716
1409666483 0.48962
1409667605 0.487686
1409668018 0.102602
1409668465 0.483844
1409668899 0.427817
1409669469 0.360197
1409670094 0.457124
1409671262 0.388471
1409671667 0.491931
1409672128 0.30624
1409672524 0.483423
1409673064 0.400072
1409673701 0.36702
1409677408 0.492653
1409679059 0.388458
1409679662 0.140933
1409680266 0.398058
1409680884 0.479511
1409682004 0.476706
1409682411 0.490642
1409682826 0.506848
1409683265 0.508407
1409690813 0.45952
1409691938 0.382617
1409692357 0.48959
1409692774 0.502816
1409693194 0.535517
1409693618 0.38951
1409694104 0.471504
1409694877 0.518317
1409695376 0.485378
1409695962 0.481912
1409696362 0.306119
1409696817 0.269463
1409698262 0.444528
1409698831 0.315102
1409699275 0.18218
1409734718 0.498984
1409735160 0.481017
1409735651 0.140509
1409736126 0.486689
1409736740 0.264994
1409737193 0.496098
1409737647 0.369157
1409738106 0.26569
1409738524 0.304158
1409739109 0.471144
1409740869 0.201074
1409741465 0.4876
1409742094 0.479508
1409743474 0.489258
1409743911 0.50012
1409744510 0.473192
1409745112 0.383897
1409745767 0.469202
1409746502 0.461429
1409747760 0.457464
1409748250 0.303297
1409748685 0.208878
1409749220 0.264868
1409749657 0.491267
1409750535 0.461437
1409751439 0.481336
1409752253 0.377619
1409752968 0.323623
1409753409 0.496489
1409753879 0.497955
1409754423 0.444372
1409755012 0.480727
1409755966 0.207115
1409756543 0.340206
1409757074 0.231962
1409757574 0.191078
1409758058 0.502417
1409758667 0.483322
1409759213 0.351401
1409759668 0.508602
1409760151 0.494526
1409761260 0.329858
1409761731 0.463726
1409762888 0.492674
1409763485 0.491529
1409764196 0.500309
1409765459 0.305629
1409774238 0.453723
1409777793 0.498938
1409778730 0.46639
1409781098 0.467654
1409782515 0.483106
1409783053 0.490706
1409783660 0.497022
1409784474 0.517654
1409785466 0.482443
1409786359 0.457851
1409787788 0.48077
1409788493 0.326064
1409789791 0.506713
1409791234 0.265784
1409792101 0.431856
1409793016 0.490027
1409821858 0.465054
1409822463 0.245143
1409823054 0.49957
1409823688 0.129114
1409824259 0.515842
1409824883 0.350216
1409826686 0.48002
1409827362 0.490616
1409827791 0.483776
1409828249 0.449608
1409828661 0.4883
1409829127 0.444557
1409830425 0.498815
1409830865 0.313113
1409831415 0.515239
1409831834 0.514632
1409832359 0.500688
1409832906 0.477905
1409834021 0.299026
1409834412 0.48058
1409834845 0.472386
1409835244 0.480418
1409835786 0.0510953
1409836462 0.481489
1409836873 0.253568
1409837468 0.506104
1409838063 0.264828
1409838753 0.482478
1409839319 0.487819
1409839872 0.230676
1409840475 0.483221
1409841800 0.498836
1409842280 0.300675
1409842894 0.472242
1409844144 0.178237
1409844784 0.484154
1409845218 0.343729
1409845662 0.46741
1409846271 0.259484
1409846737 0.456767
1409847905 0.480051
1409848443 0.227067
1409848895 0.367869
1409849331 0.27375
1409849813 0.269701
1409850278 0.487523
1409930472 0.202294
1409931306 0.232268
1409931737 0.476754
1409932259 0.492825
1409932900 0.457755
1409934062 0.300426
1409934512 0.514618
1409934980 0.194469
1409935598 0.373487
1409936038 0.32262
1409936498 0.458051
1409937640 0.49298
1409938074 0.490104
1409938659 0.302387
1409939134 0.375868
1409939862 0.438553
1409940334 0.502957
1409952708 0.22635
1409953264 0.226261
1409953861 0.517692
1409954487 0.268752
1409955887 0.48006
1409957981 0.467202
1409958400 0.488119
1409959260 0.440426
1409959942 0.243599
1409960408 0.506976
1409961615 0.459968
1409962075 0.437764
1409962762 0.273222
1409963462 0.230331
1409964294 0.37744
1409965032 0.455145
1409965963 0.359776
1409966601 0.351756
1409967015 0.473261
1409967452 0.36814
1409968088 0.48815
1409968602 0.410112
1409969277 0.467846
1409969822 0.491507
1409970310 0.461034
1409970959 0.498996
1409971543 0.498234
1409972005 0.350299
1409972701 0.490908
1409973100 0.499038
1409973713 0.190087
1409974126 0.349084
1409974876 0.127891
1409975521 0.456672
1409976122 0.325779
1409976518 0.174219
1409976971 0.223491
1409977445 0.154665
1409977979 0.379838
1409978552 0.318152
1409996592 0.185733
1409997064 0.505088
1409997689 0.332576
1409998828 0.335534
1409999394 0.312834
1410000058 0.498809
1410000588 0.416397
1410001171 0.221804
1410001697 0.422209
1410002809 0.490016
1410003460 0.234044
1410004203 0.3121
1410004711 0.46717
1410005521 0.191918
1410005984 0.428523
1410015065 0.393917
1410016978 0.356429
1410018263 0.479818
1410019597 0.499555
1410020062 0.302498
1410020533 0.46728
1410021004 0.206724
1410021665 0.443138
1410022774 0.142672
1410023208 0.475036
1410023625 0.497575
1410024497 0.497297
1410024969 0.484233
1410025474 0.478308
1410027666 0.490737
1410030092 0.472044
1410034262 0.507655
1410034864 0.489023
1410035523 0.110832
1410036087 0.48313
1410036670 0.159294
1410037294 0.489519
1410038432 0.457324
1410040691 0.497088
1410041228 0.508738
1410042792 0.445646
1410045191 0.363711
1410048593 0.447035
1410049546 0.379131
1410050735 0.480517
1410051453 0.498043
1410052116 0.462996
1410113463 0.504561
1410114067 0.473212
1410115001 0.464707
1410116890 0.508802
1410117390 0.526564
1410118208 0.161739
1410119361 0.309146
1410165660 0.253831
1410166259 0.140612
1410166885 0.339012
1410168041 0.473519
1410168445 0.364822
1410168883 0.335629
1410169319 0.304883
1410169862 0.291057
1410170489 0.486158
1410171662 0.460148
1410172125 0.525759
1410172571 0.515217
1410173148 0.217077
1410173977 0.533767
1410174434 0.409774
1410186025 0.0393145
1410194465 0.483325
1410195227 0.356296
1410248325 0.444219
1410254547 0.49661
1410292478 0.461681
1410299220 0.467204
1410529934 0.480199
1410556654 0.480808
1410565126 0.462596
1410577814 0.244834
1410625339 0.271351
1410651529 0.360057
1410671370 0.273879
1410709647 0.480035
1410733719 0.440733
1410765630 0.246985
1410766949 0.26227
1410891003 0.463302
1410904558 0.502486
1410911437 0.482723
1410912790 0.502543
1410913660 0.473377
1410975317 0.493716
1410978975 0.495659
1410980105 0.513142
1410988912 0.52749
1410990578 0.453352
1410995822 0.44858
1410996350 0.510922
1410998747 0.49541
1411013407 0.478236
1411013639 0.473897
1411015357 0.451564
1411027189 0.497808
1411078336 0.510977
1411079090 0.481768
1411079854 0.463045
1411081582 0.468354
1411083180 0.488585
1411084768 0.402471
1411229917 0.426096
1411317144 0.437428
1411319550 0.478577
1411320676 0.487045
1411334204 0.469908
1411374419 0.479222
1411374821 0.325108
1411376465 0.507284
1411381382 0.455134
